COD0OPSFIN_20250010000_01D_01H_GIM.INX
     1.0            IONOSPHERE MAPS     GNSS                IONEX VERSION / TYPE
ADDNEQ2 V5.5        AIUB                05-JAN-25 21:03     PGM / RUN BY / DATE 
CODE'S GLOBAL IONOSPHERE MAPS FOR DAY 001, 2025             COMMENT             
Global ionosphere maps (GIM) are generated on a daily basis DESCRIPTION         
at CODE using data from about 300 GNSS sites of the IGS and DESCRIPTION         
other institutions. The vertical total electron content     DESCRIPTION         
(VTEC) is modeled in a solar-geomagnetic reference frame    DESCRIPTION         
using a spherical harmonics expansion up to degree and      DESCRIPTION         
order 15. Piece-wise linear functions are used for          DESCRIPTION         
representation in the time domain. The time spacing of      DESCRIPTION         
their vertices is 1 hour, conforming with the epochs of the DESCRIPTION         
VTEC maps.                                                  DESCRIPTION         
To convert line-of-sight TEC into vertical TEC, a modified  DESCRIPTION         
single-layer model mapping function approximating the JPL   DESCRIPTION         
extended slab model mapping function is adopted. The        DESCRIPTION         
mapping function is evaluated at geodetic satellite         DESCRIPTION         
elevation angles. For the computation of the ionospheric    DESCRIPTION         
pierce points, a spherical layer with a radius of 6821 km   DESCRIPTION         
is assumed, implying geocentric, not geodetic IONEX         DESCRIPTION         
latitudes.                                                  DESCRIPTION         
Instrumental biases with respect to each involved GNSS code DESCRIPTION         
observable are estimated as constant values for each        DESCRIPTION         
day. They are modeled with one set of bias parameters for   DESCRIPTION         
each satellite and each station in case of GPS and for each DESCRIPTION         
satellite-station link in case of GLONASS. The code bias    DESCRIPTION         
datum is defined by zero-mean conditions imposed on the     DESCRIPTION         
satellite bias estimates. In this file, just GPS C1W-C2W    DESCRIPTION         
satellite and station bias values are included. The         DESCRIPTION         
complete set of GNSS code bias results is provided in an    DESCRIPTION         
additional Bias-SINEX file as pseudo-absolute values        DESCRIPTION         
specific to each observable.                                DESCRIPTION         
Note: These GIM results correspond to the results for the   DESCRIPTION         
middle day of a 3-day combination analysis solving for 73   DESCRIPTION         
times 256, or 18688 VTEC parameters and 3 daily sets of     DESCRIPTION         
GNSS code bias parameters.                                  DESCRIPTION         
Contact address: code(at)aiub.unibe.ch                      DESCRIPTION         
Data archive:    ftp.aiub.unibe.ch/CODE/                    DESCRIPTION         
                 www.aiub.unibe.ch/download/CODE/           DESCRIPTION         
  2025     1     1     0     0     0                        EPOCH OF FIRST MAP  
  2025     1     2     0     0     0                        EPOCH OF LAST MAP   
  3600                                                      INTERVAL            
[...]
abpo adis albh algo alic amu2 antc areg areq ascg aspa auck COMMENT             
azgb badg bake bako barh bjfs bndy boav bogo bogt bor1 braz COMMENT             
brft brst brux cags cas1 ccj2 cedu chpg chti chur ckis coco COMMENT             
cord cpvg cpxf cro1 daej darw dgar dhlg drao dubo ebre faa1 COMMENT             
fair flin flrs frdn func ganp glps glsv gode gol2 gold gope COMMENT             
gras graz guam guat guug harb hers hert hlfx hnpt hob2 hofn COMMENT             
holb holm hrao hyde iddr ieng iisc impz ineg invk iqal jog2 COMMENT             
joz2 karr kerg kir0 kiri kiru kit3 kokb kokv kouc koug kour COMMENT             
krgg lama laut lmmf lpal lpgs m0se madr mal2 mana mas1 mat1 COMMENT             
mate mcm4 mdo1 medi mgue mizu mkea mnls mobs monp morp mqzg COMMENT             
mro1 mtka nano naur nico nist nium nklg nlib nnor not1 nrc1 COMMENT             
nrmd nya1 nyal onsa opmt ous2 pado parc pdel penc pert pie1 COMMENT             
pimo pohn pol2 polv pots pove ptag ptbb ptvl qaq1 quin rabt COMMENT             
ramo reun reyk rgdg rio2 roth salu samo sant savo sch2 scor COMMENT             
scrz sctb scub seyg sfer sofi spt0 ssia sthl stjo stk2 str2 COMMENT             
suth sutm suwn sydn tash thtg thti thu2 tidb tlse tn22 tro1 COMMENT             
tskb twtf txes uclu ufpr unb3 unbj unsa urum usn7 usud vald COMMENT             
vill vtsp wab1 wab2 whit will wind wsrt wtza wtzr wtzs wtzz COMMENT             
wuhn xmis yar2 yar3 yarr yell ykro zeck zim2 zim3 zimm      COMMENT             
                                                            END OF HEADER       
[from data line 5148]
    13                                                      START OF TEC MAP    
  2025     1     1    12     0     0                        EPOCH OF CURRENT MAP
    87.5-180.0 180.0   5.0 450.0                            LAT/LON1/LON2/DLON/H
  127  126  125  124  124  123  123  123  123  123  123  123  123  123  123  123
  123  124  124  124  124  124  124  124  124  124  124  124  125  125  125  125
  126  126  127  127  128  129  130  131  131  133  134  135  136  137  138  140
  141  142  143  144  145  145  145  146  145  145  145  144  143  142  141  139
  138  136  135  133  132  131  129  128  127
    85.0-180.0 180.0   5.0 450.0                            LAT/LON1/LON2/DLON/H
  120  118  117  116  115  115  115  116  116  117  118  119  120  120  121  121
  122  122  122  121  121  121  120  120  119  119  119  119  119  119  119  120
  120  121  122  122  123  125  126  127  129  131  134  136  139  143  147  151
  154  158  162  166  169  171  173  174  174  174  172  170  167  164  160  155
  151  146  142  137  133  129  126  123  120
    82.5-180.0 180.0   5.0 450.0                            LAT/LON1/LON2/DLON/H
  113  110  108  107  106  107  108  109  111  112  114  116  117  118  118  119
  118  118  117  116  115  113  112  111  110  109  109  109  109  110  111  112
  114  115  117  118  119  121  122  123  125  127  130  133  138  144  151  158
  167  175  184  192  200  206  210  213  214  213  210  205  199  192  184  176
  167  158  149  141  134  127  121  116  113
    80.0-180.0 180.0   5.0 450.0                            LAT/LON1/LON2/DLON/H
  108  104  102  100  100  100  101  103  105  107  108  110  111  111  111  111
  109  108  106  104  101   99   97   95   93   92   92   93   95   97  100  104
  108  112  116  119  120  121  122  121  121  121  123  126  131  138  148  160
  174  188  203  218  231  241  249  254  255  253  248  240  230  219  206  193
  180  168  156  145  135  126  119  113  108
    77.5-180.0 180.0   5.0 450.0                            LAT/LON1/LON2/DLON/H
  109  105  101   99   97   97   97   97   98   99   99   99   99   98   97   95
   93   90   88   85   82   79   76   74   72   71   72   74   77   83   89   97
  106  114  122  127  131  132  131  128  124  120  117  117  120  127  139  154
  173  194  215  236  254  269  280  286  286  282  273  261  247  231  215  199
  184  171  158  147  137  129  121  115  109
    75.0-180.0 180.0   5.0 450.0                            LAT/LON1/LON2/DLON/H
  119  114  109  104  100   97   95   93   91   89   87   85   83   80   77   74
   71   68   66   63   61   59   57   55   54   53   54   56   62   70   81   94
  109  123  137  147  154  156  153  147  138  128  119  113  112  116  127  144
  166  191  218  243  264  281  292  296  294  285  272  256  238  220  202  187
  173  163  154  147  141  135  130  124  119
    72.5-180.0 180.0   5.0 450.0                            LAT/LON1/LON2/DLON/H
  136  129  122  115  108  102   96   90   85   80   75   70   65   60   56   52
   49   47   46   45   45   45   45   45   44   43   44   47   53   64   79   98
  120  142  163  180  191  196  192  183  168  151  134  120  112  112  120  136
  158  184  212  237  258  273  279  279  271  257  238  218  198  179  164  153
  146  143  143  144  145  145  144  141  136
    70.0-180.0 180.0   5.0 450.0                            LAT/LON1/LON2/DLON/H
  156  148  139  129  119  109  100   92   83   75   67   59   52   45   40   36
   33   33   34   36   40   43   46   47   47   47   47   49   56   68   87  111
  140  171  201  225  243  250  248  236  217  193  168  146  131  124  126  137
  156  179  202  222  237  244  243  234  218  198  175  153  133  117  108  105
  108  116  127  139  150  158  161  160  156
    67.5-180.0 180.0   5.0 450.0                            LAT/LON1/LON2/DLON/H
  173  165  154  142  130  119  108   97   86   75   65   55   47   40   35   31
   30   31   34   40   46   53   59   62   64   63   63   64   70   83  105  135
  171  210  249  282  305  318  318  305  283  255  224  195  172  157  152  156
  167  182  195  205  207  202  189  171  147  122   98   76   59   49   47   53
   68   88  111  135  155  169  177  178  173
    65.0-180.0 180.0   5.0 450.0                            LAT/LON1/LON2/DLON/H
  183  173  162  150  138  127  116  105   94   82   72   62   54   49   44   42
   42   44   48   55   63   72   80   85   88   88   87   88   95  110  135  170
  212  259  305  345  376  393  396  386  364  333  299  265  235  213  201  196
  197  199  198  192  179  158  133  104   76   49   26    9    0    0    0   15
   38   68  101  133  159  178  188  189  183
    62.5-180.0 180.0   5.0 450.0                            LAT/LON1/LON2/DLON/H
  181  170  159  149  140  132  124  115  105   95   85   78   72   69   67   67
   67   69   72   77   84   93  101  108  113  115  115  118  126  144  173  214
  263  316  368  413  448  469  476  469  450  421  386  349  316  288  268  254
  244  232  215  191  160  124   87   52   22    0    0    0    0    0    0    2
   30   63  100  134  163  182  190  189  181
    60.0-180.0 180.0   5.0 450.0                            LAT/LON1/LON2/DLON/H
  166  154  144  138  134  132  129  124  117  109  102   98   96   97   99  100
  100  100  100  101  104  110  117  125  131  137  141  148  161  184  219  264
  319  376  431  479  515  539  550  547  532  506  474  438  402  371  345  324
  303  279  247  207  160  111   65   28    2    0    0    0    0    0    4   21
   45   75  108  139  164  178  182  177  166
    57.5-180.0 180.0   5.0 450.0                            LAT/LON1/LON2/DLON/H
  142  129  120  118  121  125  128  128  125  120  116  116  119  125  130  134
  133  130  125  121  118  119  124  132  141  152  163  177  197  227  268  319
  376  436  491  537  573  597  609  610  600  579  550  516  481  448  420  394
  367  334  291  238  179  121   73   38   21   18   24   34   43   50   56   65
   79   99  122  144  161  169  166  156  142
    55.0-180.0 180.0   5.0 450.0                            LAT/LON1/LON2/DLON/H
  112   99   92   94  103  113  121  125  125  124  123  127  135  144  154  159
  158  152  143  132  123  119  121  130  144  162  182  205  234  271  318  372
  432  490  542  584  616  638  650  653  646  630  604  572  539  507  480  454
  426  390  341  282  217  155  107   79   71   80   97  114  124  127  123  119
  119  124  135  146  154  154  145  129  112
    52.5-180.0 180.0   5.0 450.0                            LAT/LON1/LON2/DLON/H
   85   71   66   71   83   97  109  116  118  118  120  127  138  151  163  170
  169  161  149  134  120  113  114  125  146  172  202  235  272  315  366  422
  480  534  580  616  642  660  671  674  669  655  632  602  570  541  517  496
  472  438  391  331  265  205  160  138  138  154  176  195  202  196  181  163
  148  140  138  139  139  134  121  104   85
    50.0-180.0 180.0   5.0 450.0                            LAT/LON1/LON2/DLON/H
   65   52   47   52   65   80   93  101  104  105  108  116  129  145  158  165
  164  157  143  128  114  106  109  125  154  190  230  271  313  359  409  463
  516  564  603  631  651  665  673  676  671  657  634  604  574  549  531  517
  501  474  432  377  316  259  218  199  200  216  236  249  249  235  210  182
  156  138  127  122  119  112  100   83   65
    47.5-180.0 180.0   5.0 450.0                            LAT/LON1/LON2/DLON/H
   57   45   39   43   52   65   77   84   87   88   91  100  113  128  140  147
  147  141  130  118  107  104  112  136  173  219  267  314  357  401  447  494
  540  580  610  632  647  658  664  666  660  644  619  590  561  540  527  522
  514  496  463  415  360  308  268  246  241  248  257  259  250  229  199  167
  138  116  103   96   93   90   83   71   57
    45.0-180.0 180.0   5.0 450.0                            LAT/LON1/LON2/DLON/H
   58   49   42   42   47   56   63   68   70   72   75   82   94  107  118  123
  123  119  113  108  104  108  125  157  205  260  314  362  402  439  476  515
  551  582  605  623  636  646  652  653  645  627  601  572  544  526  518  518
  517  506  480  440  392  344  303  273  253  242  234  223  206  182  155  128
  104   85   72   67   68   70   71   66   58
    42.5-180.0 180.0   5.0 450.0                            LAT/LON1/LON2/DLON/H
   66   60   54   50   49   52   55   58   59   60   63   70   80   91   98  101
  100   98   98  100  106  120  146  188  245  308  366  411  444  471  498  526
  553  576  595  610  625  637  645  646  638  620  594  565  540  523  517  518
  518  509  488  454  412  367  322  279  240  208  180  157  136  117  100   86
   72   59   49   45   48   56   64   68   66
    40.0-180.0 180.0   5.0 450.0                            LAT/LON1/LON2/DLON/H
   77   74   68   62   57   54   53   53   54   56   59   66   74   82   87   87
   85   84   89   98  112  134  169  221  287  356  415  456  480  496  512  531
  550  569  585  602  621  638  650  653  646  631  608  583  560  542  532  528
  523  511  490  460  424  381  331  275  218  165  122   92   74   67   67   69
   67   59   48   41   42   51   64   74   77
    37.5-180.0 180.0   5.0 450.0                            LAT/LON1/LON2/DLON/H
   87   87   82   75   67   61   56   55   56   58   63   69   77   84   87   85
   81   80   86  100  120  148  191  250  323  396  454  490  506  513  521  534
  550  566  584  605  628  652  669  676  673  664  649  631  609  589  571  555
  538  517  493  465  434  395  343  277  206  141   92   64   57   66   85  103
  109  101   83   64   55   58   70   81   87
    35.0-180.0 180.0   5.0 450.0                            LAT/LON1/LON2/DLON/H
   95   94   91   85   78   70   63   60   62   65   70   77   85   92   95   93
   88   86   91  106  128  159  206  270  346  422  480  512  523  524  529  541
  557  575  595  621  650  679  701  712  717  717  714  704  686  659  629  596
  564  531  502  477  453  420  369  300  225  159  116  101  111  138  172  200
  207  191  156  118   91   81   84   90   95
    32.5-180.0 180.0   5.0 450.0                            LAT/LON1/LON2/DLON/H
  101   98   96   93   87   79   71   68   69   73   78   84   93  102  108  108
  103   99  102  114  135  167  215  280  359  435  492  523  532  534  540  555
  575  597  621  651  685  717  741  757  769  781  792  793  777  744  699  648
  599  556  523  503  488  464  419  354  285  231  206  212  242  283  325  353
  352  319  262  199  150  120  108  103  101
    30.0-180.0 180.0   5.0 450.0                            LAT/LON1/LON2/DLON/H
  109  101   98   98   95   88   79   75   75   78   82   88   97  109  119  122
  119  115  115  125  144  175  221  286  364  439  496  527  539  546  558  580
  606  632  660  692  727  760  784  802  821  846  871  883  869  829  769  703
  641  591  560  547  543  530  493  438  383  351  353  384  431  480  519  535
  518  464  383  297  225  175  144  123  109
    27.5-180.0 180.0   5.0 450.0                            LAT/LON1/LON2/DLON/H
  124  107  103  104  103   97   87   81   80   81   83   86   94  108  123  132
  134  130  130  138  156  187  233  296  370  442  498  532  549  564  585  613
  645  676  707  740  774  803  824  841  865  900  938  959  947  900  830  754
  685  636  611  609  617  613  586  541  505  499  530  584  641  685  709  706
  669  595  497  395  307  240  191  153  124
    25.0-180.0 180.0   5.0 450.0                            LAT/LON1/LON2/DLON/H
  149  122  112  113  113  107   96   88   85   84   83   82   86  100  119  135
  141  142  143  153  175  209  256  316  384  451  505  542  567  590  618  653
  690  724  757  789  818  841  856  870  895  937  983 1011 1000  950  875  796
  731  689  676  686  703  706  683  647  627  645  699  767  822  851  851  824
  768  683  580  475  383  309  247  193  149
    22.5-180.0 180.0   5.0 450.0                            LAT/LON1/LON2/DLON/H
  183  145  130  128  127  119  107   98   93   90   85   79   78   89  110  130
  143  148  154  171  201  243  294  352  413  471  522  561  593  623  657  695
  733  770  803  833  858  874  882  890  912  955 1004 1035 1025  975  901  829
  775  747  748  769  791  794  770  736  725  756  823  892  933  936  907  858
  791  707  614  523  442  372  305  240  183
    20.0-180.0 180.0   5.0 450.0                            LAT/LON1/LON2/DLON/H
  223  177  154  148  144  135  122  112  107  103   94   82   75   81  100  122
  139  150  164  191  234  288  347  403  454  502  547  588  625  660  695  732
  771  808  842  871  892  902  902  903  919  957 1004 1033 1025  979  914  855
  817  807  820  848  870  867  834  794  780  812  875  931  947  919  863  797
  730  661  594  532  476  421  358  288  223
    17.5-180.0 180.0   5.0 450.0                            LAT/LON1/LON2/DLON/H
  263  211  183  172  165  155  142  133  129  125  114   96   81   81   95  116
  135  150  172  212  271  341  408  462  504  539  576  617  658  695  729  763
  799  837  873  901  920  926  921  916  923  952  990 1016 1008  969  917  876
  856  861  884  913  930  914  867  812  786  805  850  881  866  807  730  658
  602  560  529  505  482  449  397  330  263
    15.0-180.0 180.0   5.0 450.0                            LAT/LON1/LON2/DLON/H
  294  242  211  195  186  175  165  159  157  154  141  120   99   90   98  115
  133  151  180  232  307  393  469  521  552  574  603  643  687  725  755  785
  818  857  895  925  944  949  943  933  932  947  974  992  986  955  917  893
  889  904  930  955  961  931  867  794  749  745  763  761  715  632  544  477
  441  431  438  453  463  454  417  358  294
    12.5-180.0 180.0   5.0 450.0                            LAT/LON1/LON2/DLON/H
  310  263  232  214  204  195  188  186  188  186  174  150  124  109  110  121
  135  154  189  251  340  438  521  570  591  602  624  663  709  747  774  798
  830  870  910  942  964  972  969  957  948  950  962  972  965  942  917  906
  912  930  953  969  963  919  841  751  685  656  642  608  536  441  355  302
  289  308  347  392  428  438  415  366  310
    10.0-180.0 180.0   5.0 450.0                            LAT/LON1/LON2/DLON/H
  310  270  243  226  215  209  208  211  215  215  203  179  152  133  128  133
  143  161  198  268  366  472  557  603  614  617  635  675  722  760  785  806
  837  878  920  955  979  994  996  987  972  962  960  960  951  933  917  912
  919  933  947  952  936  884  798  698  616  563  521  463  378  284  210  177
  184  223  280  340  387  406  393  355  310
     7.5-180.0 180.0   5.0 450.0                            LAT/LON1/LON2/DLON/H
  293  264  242  227  218  216  220  227  234  234  223  201  174  154  146  147
  153  170  209  282  384  492  575  616  623  621  639  680  730  769  791  811
  841  883  926  961  988 1009 1020 1016  999  980  966  956  943  926  912  907
  908  912  913  908  885  833  748  648  559  490  431  361  277  196  144  130
  152  196  253  310  352  368  357  327  293
     5.0-180.0 180.0   5.0 450.0                            LAT/LON1/LON2/DLON/H
  267  248  231  219  212  213  221  232  239  239  229  208  185  166  158  157
  163  180  221  295  395  499  577  614  619  619  640  685  737  775  796  815
  845  885  926  959  987 1014 1035 1038 1023  998  976  957  938  918  899  887
  878  869  858  844  820  774  700  610  523  451  387  319  248  192  164  168
  193  228  268  305  329  332  315  290  267
     2.5-180.0 180.0   5.0 450.0                            LAT/LON1/LON2/DLON/H
  237  226  214  203  197  200  211  223  230  229  218  200  181  166  160  162
  170  190  234  308  403  499  569  603  611  618  645  693  744  779  799  816
  845  882  918  946  974 1005 1033 1045 1035 1010  982  956  930  902  875  852
  831  809  787  768  748  714  657  583  509  445  388  334  287  259  257  272
  290  305  316  323  320  304  278  254  237
