COD0OPSFIN_20250010000_01D_01H_GIM.INX
     1.0            IONOSPHERE MAPS     GNSS                IONEX VERSION / TYPE
ADDNEQ2 V5.5        AIUB                05-JAN-25 21:03     PGM / RUN BY / DATE 
CODE'S GLOBAL IONOSPHERE MAPS FOR DAY 001, 2025             COMMENT             
Global ionosphere maps (GIM) are generated on a daily basis DESCRIPTION         
at CODE using data from about 300 GNSS sites of the IGS and DESCRIPTION         
other institutions. The vertical total electron content     DESCRIPTION         
(VTEC) is modeled in a solar-geomagnetic reference frame    DESCRIPTION         
using a spherical harmonics expansion up to degree and      DESCRIPTION         
order 15. Piece-wise linear functions are used for          DESCRIPTION         
representation in the time domain. The time spacing of      DESCRIPTION         
their vertices is 1 hour, conforming with the epochs of the DESCRIPTION         
VTEC maps.                                                  DESCRIPTION         
To convert line-of-sight TEC into vertical TEC, a modified  DESCRIPTION         
single-layer model mapping function approximating the JPL   DESCRIPTION         
extended slab model mapping function is adopted. The        DESCRIPTION         
mapping function is evaluated at geodetic satellite         DESCRIPTION         
elevation angles. For the computation of the ionospheric    DESCRIPTION         
pierce points, a spherical layer with a radius of 6821 km   DESCRIPTION         
is assumed, implying geocentric, not geodetic IONEX         DESCRIPTION         
latitudes.                                                  DESCRIPTION         
Instrumental biases with respect to each involved GNSS code DESCRIPTION         
observable are estimated as constant values for each        DESCRIPTION         
day. They are modeled with one set of bias parameters for   DESCRIPTION         
each satellite and each station in case of GPS and for each DESCRIPTION         
satellite-station link in case of GLONASS. The code bias    DESCRIPTION         
datum is defined by zero-mean conditions imposed on the     DESCRIPTION         
satellite bias estimates. In this file, just GPS C1W-C2W    DESCRIPTION         
satellite and station bias values are included. The         DESCRIPTION         
complete set of GNSS code bias results is provided in an    DESCRIPTION         
additional Bias-SINEX file as pseudo-absolute values        DESCRIPTION         
specific to each observable.                                DESCRIPTION         
Note: These GIM results correspond to the results for the   DESCRIPTION         
middle day of a 3-day combination analysis solving for 73   DESCRIPTION         
times 256, or 18688 VTEC parameters and 3 daily sets of     DESCRIPTION         
GNSS code bias parameters.                                  DESCRIPTION         
Contact address: code(at)aiub.unibe.ch                      DESCRIPTION         
Data archive:    ftp.aiub.unibe.ch/CODE/                    DESCRIPTION         
                 www.aiub.unibe.ch/download/CODE/           DESCRIPTION         
  2025     1     1     0     0     0                        EPOCH OF FIRST MAP  
  2025     1     2     0     0     0                        EPOCH OF LAST MAP   
  3600                                                      INTERVAL            
[...]
abpo adis albh algo alic amu2 antc areg areq ascg aspa auck COMMENT             
azgb badg bake bako barh bjfs bndy boav bogo bogt bor1 braz COMMENT             
brft brst brux cags cas1 ccj2 cedu chpg chti chur ckis coco COMMENT             
cord cpvg cpxf cro1 daej darw dgar dhlg drao dubo ebre faa1 COMMENT             
fair flin flrs frdn func ganp glps glsv gode gol2 gold gope COMMENT             
gras graz guam guat guug harb hers hert hlfx hnpt hob2 hofn COMMENT             
holb holm hrao hyde iddr ieng iisc impz ineg invk iqal jog2 COMMENT             
joz2 karr kerg kir0 kiri kiru kit3 kokb kokv kouc koug kour COMMENT             
krgg lama laut lmmf lpal lpgs m0se madr mal2 mana mas1 mat1 COMMENT             
mate mcm4 mdo1 medi mgue mizu mkea mnls mobs monp morp mqzg COMMENT             
mro1 mtka nano naur nico nist nium nklg nlib nnor not1 nrc1 COMMENT             
nrmd nya1 nyal onsa opmt ous2 pado parc pdel penc pert pie1 COMMENT             
pimo pohn pol2 polv pots pove ptag ptbb ptvl qaq1 quin rabt COMMENT             
ramo reun reyk rgdg rio2 roth salu samo sant savo sch2 scor COMMENT             
scrz sctb scub seyg sfer sofi spt0 ssia sthl stjo stk2 str2 COMMENT             
suth sutm suwn sydn tash thtg thti thu2 tidb tlse tn22 tro1 COMMENT             
tskb twtf txes uclu ufpr unb3 unbj unsa urum usn7 usud vald COMMENT             
vill vtsp wab1 wab2 whit will wind wsrt wtza wtzr wtzs wtzz COMMENT             
wuhn xmis yar2 yar3 yarr yell ykro zeck zim2 zim3 zimm      COMMENT             
                                                            END OF HEADER       
[from data line 5577]
    14                                                      START OF TEC MAP    
  2025     1     1    13     0     0                        EPOCH OF CURRENT MAP
    87.5-180.0 180.0   5.0 450.0                            LAT/LON1/LON2/DLON/H
  166  166  166  166  166  166  167  168  169  170  171  172  174  175  177  179
  181  183  185  187  189  191  193  195  198  200  202  204  205  207  209  210
  211  213  214  214  215  215  216  216  215  215  214  214  213  212  211  209
  208  206  204  202  200  198  196  194  192  189  187  185  183  181  179  177
  175  173  172  170  169  168  167  167  166
    85.0-180.0 180.0   5.0 450.0                            LAT/LON1/LON2/DLON/H
  149  148  147  147  147  147  148  149  150  151  153  155  158  160  163  166
  169  172  175  178  182  186  190  193  197  202  206  210  213  217  221  224
  226  229  231  232  233  234  234  234  234  233  233  232  230  229  228  226
  224  221  219  216  212  209  205  200  196  192  187  183  179  175  171  167
  164  161  159  156  154  153  151  150  149
    82.5-180.0 180.0   5.0 450.0                            LAT/LON1/LON2/DLON/H
  142  140  138  136  134  134  133  133  134  135  136  138  141  143  146  148
  151  155  158  162  165  170  174  180  185  191  197  204  210  216  222  228
  232  236  239  241  242  243  242  242  241  239  238  238  237  237  237  236
  235  234  232  230  226  222  216  210  204  197  190  184  178  173  168  164
  161  158  155  153  151  149  147  144  142
    80.0-180.0 180.0   5.0 450.0                            LAT/LON1/LON2/DLON/H
  148  143  138  133  128  124  122  120  119  119  120  121  122  124  125  127
  129  131  133  135  139  142  147  152  159  167  175  184  194  204  214  222
  230  236  240  242  242  241  239  236  232  230  228  227  228  230  233  236
  239  242  243  242  239  234  227  219  210  201  191  183  176  170  167  164
  163  163  163  162  161  159  156  153  148
    77.5-180.0 180.0   5.0 450.0                            LAT/LON1/LON2/DLON/H
  164  154  144  134  125  118  112  107  104  103  102  102  102  102  102  102
  102  102  103  103  105  107  111  116  123  132  143  155  169  184  199  212
  224  233  238  240  238  234  227  219  212  206  202  201  203  208  216  225
  233  241  246  248  247  241  232  221  208  195  183  173  165  161  160  163
  167  172  177  181  183  182  178  172  164
    75.0-180.0 180.0   5.0 450.0                            LAT/LON1/LON2/DLON/H
  184  168  152  137  123  111  102   95   91   88   86   84   83   81   79   77
   75   73   72   70   70   71   73   77   84   94  107  123  142  162  183  203
  220  233  241  243  239  229  216  202  187  175  167  164  167  175  187  202
  217  231  240  245  244  237  225  209  192  174  158  147  140  139  144  153
  166  180  193  203  209  210  206  197  184
    72.5-180.0 180.0   5.0 450.0                            LAT/LON1/LON2/DLON/H
  201  180  158  137  120  105   94   87   81   78   74   71   68   64   60   56
   52   49   46   43   42   41   42   45   52   62   77   96  119  146  174  202
  226  245  256  259  252  238  217  193  169  149  135  128  130  139  155  175
  194  212  224  230  228  218  202  181  158  136  117  104  100  103  115  134
  158  182  205  223  234  237  231  219  201
    70.0-180.0 180.0   5.0 450.0                            LAT/LON1/LON2/DLON/H
  208  183  158  135  116  102   92   85   80   76   72   67   61   55   48   42
   37   33   30   27   25   24   24   27   32   42   58   80  108  142  178  215
  248  274  290  294  286  267  238  205  171  141  119  106  105  113  130  150
  171  189  201  204  198  184  163  137  110   85   64   52   50   60   79  108
  142  177  209  234  249  253  246  231  208
    67.5-180.0 180.0   5.0 450.0                            LAT/LON1/LON2/DLON/H
  203  176  151  130  115  104   98   94   91   87   81   74   65   56   47   39
   33   29   26   24   22   21   21   23   28   39   56   81  114  154  199  245
  288  322  344  352  344  320  286  244  201  161  130  111  104  108  121  138
  155  168  174  171  159  140  115   86   58   32   13    4    5   20   46   81
  122  165  203  232  249  254  245  227  203
    65.0-180.0 180.0   5.0 450.0                            LAT/LON1/LON2/DLON/H
  184  160  140  125  117  114  114  114  114  110  102   92   80   67   56   47
   41   36   34   32   31   30   31   33   39   50   70   98  137  184  237  293
  344  387  417  428  421  397  358  311  260  213  174  148  134  131  136  145
  152  154  150  138  119   95   68   41   15    0    0    0    0    0   26   64
  107  151  190  219  235  237  227  208  184
    62.5-180.0 180.0   5.0 450.0                            LAT/LON1/LON2/DLON/H
  154  136  125  121  123  130  138  143  144  140  131  118  103   88   75   65
   58   53   50   48   47   46   47   51   59   74   98  131  176  230  291  354
  414  465  500  516  512  488  448  398  343  291  247  214  193  182  177  173
  167  155  136  113   86   59   34   12    0    0    0    0    0    3   30   64
  102  140  173  196  207  206  193  175  154
    60.0-180.0 180.0   5.0 450.0                            LAT/LON1/LON2/DLON/H
  119  111  111  119  133  149  164  174  176  172  161  146  129  112   98   88
   80   75   70   66   63   62   65   72   86  107  138  178  228  289  356  425
  491  545  584  604  602  581  543  493  438  384  336  299  272  253  238  221
  199  171  138  103   70   42   22   10    4    4    7   14   24   39   58   83
  110  136  157  170  173  166  152  134  119
    57.5-180.0 180.0   5.0 450.0                            LAT/LON1/LON2/DLON/H
   86   87   98  118  142  167  186  198  200  195  183  167  150  135  122  112
  104   97   90   82   76   75   80   94  116  147  186  234  291  357  427  499
  565  620  660  680  680  661  626  580  527  474  427  388  358  333  309  281
  245  203  157  113   76   50   37   35   42   54   66   77   86   95  105  116
  127  137  143  144  137  125  110   95   86
    55.0-180.0 180.0   5.0 450.0                            LAT/LON1/LON2/DLON/H
   61   69   89  117  147  175  196  207  209  203  191  177  163  150  140  132
  125  116  105   93   85   84   94  116  150  193  243  299  361  429  499  568
  630  681  717  735  735  719  688  646  597  548  503  465  434  406  377  342
  298  247  192  143  104   80   74   82   99  118  136  148  154  156  154  151
  146  140  131  120  106   90   75   64   61
    52.5-180.0 180.0   5.0 450.0                            LAT/LON1/LON2/DLON/H
   46   59   82  113  145  172  190  198  198  192  183  172  163  155  150  145
  138  128  114  100   91   93  110  144  192  248  308  371  435  500  565  626
  680  722  750  763  763  748  721  684  640  596  554  519  489  463  433  396
  350  295  238  187  149  128  125  136  156  178  195  204  205  199  188  173
  156  138  119  100   82   65   52   44   46
    50.0-180.0 180.0   5.0 450.0                            LAT/LON1/LON2/DLON/H
   42   55   77  105  132  154  167  172  170  165  160  155  152  150  149  147
  142  132  118  104   98  106  134  182  245  313  381  446  507  565  620  669
  710  740  759  766  764  751  728  695  657  616  578  546  520  497  471  437
  394  342  288  240  203  181  176  184  199  215  225  227  221  209  192  172
  150  125  102   81   64   51   42   38   42
    47.5-180.0 180.0   5.0 450.0                            LAT/LON1/LON2/DLON/H
   46   56   72   92  112  126  133  133  131  128  128  129  133  137  140  141
  138  130  119  110  110  129  171  234  310  388  459  521  573  618  659  694
  720  738  747  750  746  736  716  689  654  617  583  554  531  512  491  464
  427  383  335  291  255  230  217  214  217  219  217  209  197  182  166  147
  126  103   81   64   53   47   43   43   46
    45.0-180.0 180.0   5.0 450.0                            LAT/LON1/LON2/DLON/H
   55   59   66   77   87   93   95   92   90   91   96  104  112  120  126  128
  128  124  119  119  131  164  221  298  385  468  537  589  627  657  681  701
  713  720  723  724  722  715  701  678  648  614  582  555  534  517  501  479
  450  414  375  335  297  266  241  222  209  195  180  162  144  130  119  108
   94   77   60   49   46   48   52   54   55
    42.5-180.0 180.0   5.0 450.0                            LAT/LON1/LON2/DLON/H
   65   62   61   62   64   63   61   58   58   63   72   84   96  105  111  114
  115  116  120  133  161  210  282  370  463  545  606  644  665  678  687  692
  695  695  696  699  703  703  696  679  653  622  591  564  542  525  509  490
  467  438  405  368  327  287  248  215  187  160  134  109   90   80   77   76
   71   59   47   41   44   53   62   66   65
    40.0-180.0 180.0   5.0 450.0                            LAT/LON1/LON2/DLON/H
   73   64   56   50   46   43   39   38   40   48   61   75   88   96  100  102
  103  110  125  152  197  261  345  440  534  609  658  680  685  682  678  675
  672  671  676  686  699  708  709  700  680  654  624  595  568  546  525  505
  484  458  428  392  347  298  249  206  171  141  112   86   68   62   68   75
   75   65   52   44   48   60   72   76   73
    37.5-180.0 180.0   5.0 450.0                            LAT/LON1/LON2/DLON/H
   77   66   54   45   39   35   33   34   39   49   62   77   88   95   97   96
   97  108  133  175  234  311  402  499  587  653  689  696  687  674  663  657
  654  657  669  689  714  735  746  745  734  714  686  653  619  586  557  531
  506  481  451  412  364  309  256  213  183  162  141  121  107  106  115  125
  124  107   83   65   62   70   80   83   77
    35.0-180.0 180.0   5.0 450.0                            LAT/LON1/LON2/DLON/H
   81   68   56   48   43   40   40   43   50   60   73   86   96  101  101   97
   98  112  145  199  270  355  447  538  618  672  696  693  677  660  649  646
  648  658  679  711  747  779  800  809  808  796  771  735  691  646  605  570
  539  511  479  438  386  330  281  250  240  240  238  230  222  222  230  234
  222  189  145  107   88   85   89   88   81
    32.5-180.0 180.0   5.0 450.0                            LAT/LON1/LON2/DLON/H
   86   75   65   59   56   55   57   61   67   76   86   97  106  112  111  107
  108  124  163  224  302  387  474  556  624  669  686  679  663  649  645  648
  658  677  707  748  793  832  861  881  892  889  869  829  775  718  664  620
  584  552  517  474  422  369  332  323  343  375  398  406  402  400  399  391
  360  303  232  169  127  108  100   95   86
    30.0-180.0 180.0   5.0 450.0                            LAT/LON1/LON2/DLON/H
   96   87   81   77   75   75   77   80   84   90   97  105  115  122  124  122
  124  142  185  250  329  410  487  556  613  651  666  663  654  649  655  669
  688  713  749  794  842  884  918  947  969  977  962  921  859  790  728  677
  638  604  569  525  474  428  407  426  480  546  597  619  618  608  594  567
  513  431  333  243  178  139  119  106   96
    27.5-180.0 180.0   5.0 450.0                            LAT/LON1/LON2/DLON/H
  113  106  102   99   97   96   95   96   97   98  101  108  118  129  136  139
  145  166  211  278  354  428  492  547  594  629  649  655  657  665  683  707
  733  763  799  842  886  925  960  994 1026 1045 1036  994  927  853  786  734
  697  666  632  589  540  502  497  541  626  720  792  823  820  800  770  724
  650  546  428  319  235  179  146  125  113
    25.0-180.0 180.0   5.0 450.0                            LAT/LON1/LON2/DLON/H
  137  130  127  123  119  114  110  107  103  100  100  105  116  131  144  155
  168  194  241  308  382  447  498  540  578  614  643  662  677  697  726  758
  789  819  850  884  919  950  981 1017 1056 1083 1081 1041  973  897  832  785
  755  730  700  659  612  579  586  646  748  857  937  969  960  928  884  824
  737  624  498  382  289  224  180  152  137
    22.5-180.0 180.0   5.0 450.0                            LAT/LON1/LON2/DLON/H
  165  157  152  146  137  129  121  114  107  100   97  100  111  128  148  167
  189  222  275  343  414  472  512  543  577  615  653  684  711  741  777  815
  848  874  897  919  939  958  982 1017 1059 1092 1094 1058  992  920  862  826
  806  790  765  726  679  647  655  717  818  923  996 1018  999  958  906  840
  753  644  528  421  334  267  217  184  165
    20.0-180.0 180.0   5.0 450.0                            LAT/LON1/LON2/DLON/H
  194  183  175  165  153  142  132  122  112  102   96   96  105  122  146  174
  206  249  309  382  453  508  540  563  592  633  679  720  754  789  829  869
  902  924  937  945  951  957  971 1001 1042 1076 1082 1050  990  925  877  853
  846  839  819  779  729  692  692  739  820  901  951  955  925  879  827  767
  691  603  513  432  362  303  254  217  194
    17.5-180.0 180.0   5.0 450.0                            LAT/LON1/LON2/DLON/H
  219  204  193  180  167  155  145  135  123  111  102   98  102  117  142  176
  219  274  343  423  498  552  581  598  623  665  715  761  798  833  873  913
  945  963  967  964  958  953  959  981 1016 1047 1054 1026  974  919  882  869
  871  872  854  812  756  708  690  711  756  797  812  793  754  710  667  622
  569  512  459  414  371  328  283  245  219
    15.0-180.0 180.0   5.0 450.0                            LAT/LON1/LON2/DLON/H
  235  217  204  190  178  170  163  153  141  127  116  108  106  114  137  176
  229  295  375  463  544  602  629  642  663  703  753  798  834  866  903  942
  974  990  990  980  967  956  955  968  993 1017 1022  999  954  909  880  874
  882  886  867  821  757  696  656  642  643  637  612  572  528  493  466  442
  417  396  383  376  364  338  301  263  235
    12.5-180.0 180.0   5.0 450.0                            LAT/LON1/LON2/DLON/H
  241  221  206  194  187  185  183  176  163  148  134  123  115  116  135  177
  237  313  403  499  588  650  678  688  703  737  783  825  856  883  917  956
  989 1006 1005  995  981  970  965  969  982  995  996  976  939  900  876  872
  881  882  860  808  736  663  602  555  512  460  401  343  301  280  274  273
  275  284  306  332  346  336  306  270  241
    10.0-180.0 180.0   5.0 450.0                            LAT/LON1/LON2/DLON/H
  236  216  201  192  192  198  203  198  184  168  153  139  127  122  138  180
  246  330  426  529  623  688  718  725  733  760  801  838  864  887  917  956
  992 1012 1015 1009 1001  994  988  985  984  984  979  961  930  896  872  865
  868  865  837  780  702  621  545  473  395  310  226  161  127  124  138  156
  177  208  250  295  323  323  298  264  236
     7.5-180.0 180.0   5.0 450.0                            LAT/LON1/LON2/DLON/H
  223  203  190  185  191  205  215  213  197  179  164  151  138  132  145  187
  257  345  445  550  645  712  743  747  750  771  804  837  859  879  908  947
  986 1010 1019 1021 1023 1024 1021 1010  996  983  971  953  927  894  867  853
  849  839  806  745  666  582  501  416  320  217  124   62   42   56   87  118
  148  183  228  275  304  305  282  250  223
     5.0-180.0 180.0   5.0 450.0                            LAT/LON1/LON2/DLON/H
  205  187  175  172  182  202  216  214  197  177  163  154  146  141  155  199
  271  361  460  561  653  719  749  753  753  768  798  826  846  864  893  932
  973 1001 1016 1027 1040 1051 1051 1036 1010  985  966  949  924  892  860  838
  825  808  771  710  634  556  478  393  297  195  109   60   55   85  126  161
  188  214  245  276  292  286  261  230  205
     2.5-180.0 180.0   5.0 450.0                            LAT/LON1/LON2/DLON/H
  188  171  159  156  167  188  203  200  180  160  149  147  146  149  167  214
  287  376  470  564  648  709  739  744  745  759  785  812  830  847  875  914
  954  984 1004 1022 1044 1064 1069 1051 1018  984  959  941  918  884  847  818
  798  776  739  681  612  543  476  404  322  237  171  141  152  191  235  268
  283  289  293  295  289  269  240  211  188
