COD0OPSFIN_20250010000_01D_01H_GIM.INX
     1.0            IONOSPHERE MAPS     GNSS                IONEX VERSION / TYPE
ADDNEQ2 V5.5        AIUB                05-JAN-25 21:03     PGM / RUN BY / DATE 
CODE'S GLOBAL IONOSPHERE MAPS FOR DAY 001, 2025             COMMENT             
Global ionosphere maps (GIM) are generated on a daily basis DESCRIPTION         
at CODE using data from about 300 GNSS sites of the IGS and DESCRIPTION         
other institutions. The vertical total electron content     DESCRIPTION         
(VTEC) is modeled in a solar-geomagnetic reference frame    DESCRIPTION         
using a spherical harmonics expansion up to degree and      DESCRIPTION         
order 15. Piece-wise linear functions are used for          DESCRIPTION         
representation in the time domain. The time spacing of      DESCRIPTION         
their vertices is 1 hour, conforming with the epochs of the DESCRIPTION         
VTEC maps.                                                  DESCRIPTION         
To convert line-of-sight TEC into vertical TEC, a modified  DESCRIPTION         
single-layer model mapping function approximating the JPL   DESCRIPTION         
extended slab model mapping function is adopted. The        DESCRIPTION         
mapping function is evaluated at geodetic satellite         DESCRIPTION         
elevation angles. For the computation of the ionospheric    DESCRIPTION         
pierce points, a spherical layer with a radius of 6821 km   DESCRIPTION         
is assumed, implying geocentric, not geodetic IONEX         DESCRIPTION         
latitudes.                                                  DESCRIPTION         
Instrumental biases with respect to each involved GNSS code DESCRIPTION         
observable are estimated as constant values for each        DESCRIPTION         
day. They are modeled with one set of bias parameters for   DESCRIPTION         
each satellite and each station in case of GPS and for each DESCRIPTION         
satellite-station link in case of GLONASS. The code bias    DESCRIPTION         
datum is defined by zero-mean conditions imposed on the     DESCRIPTION         
satellite bias estimates. In this file, just GPS C1W-C2W    DESCRIPTION         
satellite and station bias values are included. The         DESCRIPTION         
complete set of GNSS code bias results is provided in an    DESCRIPTION         
additional Bias-SINEX file as pseudo-absolute values        DESCRIPTION         
specific to each observable.                                DESCRIPTION         
Note: These GIM results correspond to the results for the   DESCRIPTION         
middle day of a 3-day combination analysis solving for 73   DESCRIPTION         
times 256, or 18688 VTEC parameters and 3 daily sets of     DESCRIPTION         
GNSS code bias parameters.                                  DESCRIPTION         
Contact address: code(at)aiub.unibe.ch                      DESCRIPTION         
Data archive:    ftp.aiub.unibe.ch/CODE/                    DESCRIPTION         
                 www.aiub.unibe.ch/download/CODE/           DESCRIPTION         
  2025     1     1     0     0     0                        EPOCH OF FIRST MAP  
  2025     1     2     0     0     0                        EPOCH OF LAST MAP   
  3600                                                      INTERVAL            
[...]
abpo adis albh algo alic amu2 antc areg areq ascg aspa auck COMMENT             
azgb badg bake bako barh bjfs bndy boav bogo bogt bor1 braz COMMENT             
brft brst brux cags cas1 ccj2 cedu chpg chti chur ckis coco COMMENT             
cord cpvg cpxf cro1 daej darw dgar dhlg drao dubo ebre faa1 COMMENT             
fair flin flrs frdn func ganp glps glsv gode gol2 gold gope COMMENT             
gras graz guam guat guug harb hers hert hlfx hnpt hob2 hofn COMMENT             
holb holm hrao hyde iddr ieng iisc impz ineg invk iqal jog2 COMMENT             
joz2 karr kerg kir0 kiri kiru kit3 kokb kokv kouc koug kour COMMENT             
krgg lama laut lmmf lpal lpgs m0se madr mal2 mana mas1 mat1 COMMENT             
mate mcm4 mdo1 medi mgue mizu mkea mnls mobs monp morp mqzg COMMENT             
mro1 mtka nano naur nico nist nium nklg nlib nnor not1 nrc1 COMMENT             
nrmd nya1 nyal onsa opmt ous2 pado parc pdel penc pert pie1 COMMENT             
pimo pohn pol2 polv pots pove ptag ptbb ptvl qaq1 quin rabt COMMENT             
ramo reun reyk rgdg rio2 roth salu samo sant savo sch2 scor COMMENT             
scrz sctb scub seyg sfer sofi spt0 ssia sthl stjo stk2 str2 COMMENT             
suth sutm suwn sydn tash thtg thti thu2 tidb tlse tn22 tro1 COMMENT             
tskb twtf txes uclu ufpr unb3 unbj unsa urum usn7 usud vald COMMENT             
vill vtsp wab1 wab2 whit will wind wsrt wtza wtzr wtzs wtzz COMMENT             
wuhn xmis yar2 yar3 yarr yell ykro zeck zim2 zim3 zimm      COMMENT             
                                                            END OF HEADER       
[from data line 1287]
     4                                                      START OF TEC MAP    
  2025     1     1     3     0     0                        EPOCH OF CURRENT MAP
    87.5-180.0 180.0   5.0 450.0                            LAT/LON1/LON2/DLON/H
  158  158  158  159  159  160  160  161  162  162  163  164  165  166  166  167
  167  168  168  168  167  167  166  166  165  164  162  161  160  159  157  156
  154  153  152  150  149  148  147  146  145  145  144  144  143  143  143  143
  144  144  144  145  145  146  147  148  149  150  150  151  152  153  154  154
  155  155  156  156  157  157  157  157  158
    85.0-180.0 180.0   5.0 450.0                            LAT/LON1/LON2/DLON/H
  155  153  152  151  151  151  152  153  155  157  159  162  165  168  170  173
  175  176  177  177  177  176  174  172  169  166  163  159  156  152  149  146
  142  140  137  135  133  131  129  128  127  126  125  124  124  124  124  125
  126  127  128  130  132  134  136  139  142  145  148  150  153  155  157  159
  160  161  161  161  160  159  158  156  155
    82.5-180.0 180.0   5.0 450.0                            LAT/LON1/LON2/DLON/H
  156  150  145  140  137  135  134  136  138  142  147  152  158  164  170  175
  179  182  184  184  183  180  177  172  167  161  155  148  142  136  131  126
  122  119  116  113  111  110  109  108  107  106  106  105  105  105  105  106
  107  109  111  114  117  122  126  132  137  143  149  156  161  167  171  175
  178  179  179  178  176  172  167  162  156
    80.0-180.0 180.0   5.0 450.0                            LAT/LON1/LON2/DLON/H
  168  156  144  133  124  118  114  114  117  122  129  138  147  157  165  173
  179  183  185  185  182  178  172  165  156  147  138  129  121  114  107  102
   98   95   93   92   92   92   92   92   92   92   92   91   91   90   90   90
   91   93   96  100  104  110  118  126  135  145  155  165  176  186  195  203
  209  213  214  212  208  201  192  181  168
    77.5-180.0 180.0   5.0 450.0                            LAT/LON1/LON2/DLON/H
  196  175  155  135  119  106   98   95   97  103  112  122  134  146  156  165
  172  177  179  178  174  168  160  151  140  129  118  107   98   90   84   80
   77   76   77   78   80   82   84   86   87   87   87   85   84   82   81   81
   81   83   86   90   96  104  113  123  135  148  163  178  193  209  224  237
  248  256  260  260  256  247  233  216  196
    75.0-180.0 180.0   5.0 450.0                            LAT/LON1/LON2/DLON/H
  239  210  180  151  126  106   93   86   85   90   99  110  122  134  144  153
  159  163  165  163  160  153  145  135  123  112  100   89   80   73   69   66
   66   68   71   75   79   83   87   90   91   91   90   88   85   82   79   78
   78   79   83   88   95  104  114  126  140  155  172  190  210  230  250  269
  286  300  310  313  311  302  287  265  239
    72.5-180.0 180.0   5.0 450.0                            LAT/LON1/LON2/DLON/H
  291  256  218  181  147  120  100   89   85   88   95  105  114  123  131  137
  141  144  145  144  142  137  131  122  112  101   90   81   74   69   66   66
   68   72   77   82   88   93   98  101  102  102   99   96   91   87   83   81
   81   84   88   95  104  114  125  137  150  165  182  202  223  245  269  293
  315  335  350  360  363  357  343  321  291
    70.0-180.0 180.0   5.0 450.0                            LAT/LON1/LON2/DLON/H
  343  306  264  220  180  145  120  104   98   98  102  108  113  117  118  119
  120  122  124  126  127  126  122  116  109  100   92   85   80   78   78   79
   83   87   92   97  103  108  111  114  115  113  110  104   99   93   89   87
   89   94  101  111  122  133  145  156  168  181  196  213  232  255  279  304
  329  353  373  389  398  399  391  371  343
    67.5-180.0 180.0   5.0 450.0                            LAT/LON1/LON2/DLON/H
  385  351  309  263  218  179  149  130  120  118  119  120  119  115  110  106
  103  104  108  114  119  123  123  121  115  109  103   99   97   97   99  102
  105  108  111  114  117  120  122  124  123  121  117  111  104   98   94   94
   98  106  118  132  146  160  172  183  192  202  213  226  242  260  281  304
  328  352  375  395  411  420  420  408  385
    65.0-180.0 180.0   5.0 450.0                            LAT/LON1/LON2/DLON/H
  413  387  349  304  257  214  181  160  148  144  142  139  132  121  109   99
   94   95  102  112  122  130  133  132  129  123  119  117  117  120  123  126
  128  129  128  127  126  126  126  126  125  122  117  111  105   99   96   97
  104  117  134  154  174  191  205  215  222  228  235  244  254  267  282  299
  317  337  358  379  400  417  426  426  413
    62.5-180.0 180.0   5.0 450.0                            LAT/LON1/LON2/DLON/H
  425  410  380  339  293  248  213  190  177  172  169  162  149  133  116  102
   96   99  108  122  135  144  148  147  142  137  133  133  135  140  145  147
  147  144  139  133  127  124  121  120  118  116  112  106  100   95   93   96
  107  124  148  173  199  221  237  248  255  259  264  269  275  282  290  298
  307  318  332  351  372  394  414  426  425
    60.0-180.0 180.0   5.0 450.0                            LAT/LON1/LON2/DLON/H
  426  424  404  369  324  279  242  216  203  198  193  185  170  150  130  115
  110  114  125  139  152  160  161  156  149  142  139  140  145  152  158  160
  157  150  141  130  121  114  110  107  106  104  101   97   92   88   86   91
  104  126  155  187  219  246  267  280  288  293  297  302  306  309  309  308
  307  307  311  322  340  364  391  414  426
    57.5-180.0 180.0   5.0 450.0                            LAT/LON1/LON2/DLON/H
  423  433  424  395  353  307  267  239  224  218  214  205  189  168  149  135
  131  136  146  158  167  169  165  157  146  138  136  138  146  154  161  162
  158  148  136  122  111  102   96   94   92   91   90   87   83   79   78   84
   99  124  157  196  234  267  292  310  321  329  335  341  345  346  342  334
  322  311  304  305  317  339  368  399  423
    55.0-180.0 180.0   5.0 450.0                            LAT/LON1/LON2/DLON/H
  422  442  443  422  382  335  292  260  242  234  228  219  204  185  168  157
  154  158  166  172  173  169  159  146  134  126  125  129  138  148  155  156
  151  140  126  112  100   92   86   83   81   81   81   79   77   73   72   77
   92  119  157  201  245  284  315  337  353  365  376  385  391  391  385  371
  352  333  317  308  312  328  356  390  422
    52.5-180.0 180.0   5.0 450.0                            LAT/LON1/LON2/DLON/H
  427  455  464  449  413  365  317  280  257  245  238  228  214  197  184  175
  174  175  177  175  167  156  142  128  117  111  112  118  128  138  143  144
  138  128  116  104   94   87   82   78   76   76   76   76   74   72   70   75
   89  117  158  206  256  301  338  365  386  403  417  429  437  437  429  413
  392  368  347  332  327  336  359  392  427
    50.0-180.0 180.0   5.0 450.0                            LAT/LON1/LON2/DLON/H
  439  470  485  477  444  396  345  302  273  255  243  231  217  203  192  186
  184  182  177  166  152  136  121  110  103  101  104  111  119  126  130  129
  123  115  107  100   94   89   84   80   78   77   78   78   78   75   74   78
   92  121  163  215  270  320  363  396  421  441  458  471  477  476  467  450
  429  407  386  369  359  361  376  404  439
    47.5-180.0 180.0   5.0 450.0                            LAT/LON1/LON2/DLON/H
  452  484  503  500  472  426  373  326  290  265  247  230  214  201  193  189
  186  179  168  151  134  118  107  102  100  102  106  111  115  117  116  114
  109  105  102   99   98   96   92   88   84   82   83   85   85   84   83   87
  102  131  175  229  288  343  391  429  458  481  497  507  509  504  491  475
  457  439  423  409  398  394  402  422  452
    45.0-180.0 180.0   5.0 450.0                            LAT/LON1/LON2/DLON/H
  463  491  511  513  490  448  396  347  306  275  249  227  209  196  188  185
  180  171  156  138  123  112  108  109  113  116  118  118  115  111  106  101
   99   98  100  103  105  105  102   97   92   90   92   94   96   96   96  102
  117  148  193  249  310  369  421  463  495  518  532  536  531  518  501  485
  470  459  451  442  434  427  428  440  463
    42.5-180.0 180.0   5.0 450.0                            LAT/LON1/LON2/DLON/H
  467  489  507  510  493  457  410  362  319  282  251  224  203  189  182  178
  173  163  150  136  128  126  130  135  139  140  137  130  120  109  100   95
   94   98  103  109  113  113  110  105  100   98  100  104  107  108  111  119
  137  169  216  272  334  395  450  495  529  551  560  557  543  522  501  484
  472  468  466  465  461  454  449  453  467
    40.0-180.0 180.0   5.0 450.0                            LAT/LON1/LON2/DLON/H
  467  479  491  493  479  450  410  367  325  286  251  222  199  185  177  173
  168  161  154  151  153  161  169  174  173  167  157  144  127  112  101   97
   99  105  113  118  121  120  115  110  106  105  108  113  116  119  124  135
  157  192  239  295  356  417  473  520  555  576  581  570  549  523  499  482
  474  473  476  480  479  474  466  462  467
    37.5-180.0 180.0   5.0 450.0                            LAT/LON1/LON2/DLON/H
  468  468  469  465  451  428  396  361  323  284  249  220  198  185  177  173
  169  167  170  180  195  210  218  215  204  189  172  155  137  122  112  111
  116  124  130  132  130  125  119  113  110  111  115  120  123  126  133  149
  176  214  262  316  373  432  487  534  570  590  591  577  552  527  505  492
  487  487  491  495  497  493  483  473  468
    35.0-180.0 180.0   5.0 450.0                            LAT/LON1/LON2/DLON/H
  480  466  453  437  419  398  374  346  313  278  244  218  200  189  182  177
  176  180  193  216  241  259  261  247  223  199  180  165  152  141  137  141
  149  156  157  152  143  133  123  117  115  117  121  125  126  129  139  160
  192  234  282  333  386  440  492  538  573  592  593  579  558  540  529  525
  524  524  524  524  524  520  510  496  480
    32.5-180.0 180.0   5.0 450.0                            LAT/LON1/LON2/DLON/H
  513  484  453  422  394  371  351  329  301  269  239  217  204  197  191  185
  184  193  215  247  278  295  287  259  224  196  182  178  176  175  178  187
  196  200  194  180  161  144  131  123  122  124  128  129  128  130  142  168
  207  253  302  350  397  445  492  534  567  586  588  580  569  566  572  583
  590  590  583  576  571  566  556  538  513
    30.0-180.0 180.0   5.0 450.0                            LAT/LON1/LON2/DLON/H
  572  529  481  432  390  361  341  321  295  263  235  218  210  206  200  192
  190  200  225  261  293  304  286  248  209  187  187  200  214  224  234  246
  254  253  237  212  184  161  144  135  132  134  135  133  129  130  144  175
  221  273  324  370  412  452  493  530  560  578  584  584  588  605  634  664
  682  682  668  652  641  634  624  604  572
    27.5-180.0 180.0   5.0 450.0                            LAT/LON1/LON2/DLON/H
  653  602  538  472  415  376  352  330  302  268  239  223  219  217  210  198
  191  197  220  252  279  284  261  221  188  182  204  238  267  286  299  310
  315  305  280  245  210  182  162  151  147  146  144  138  131  131  147  185
  239  298  352  397  435  469  502  533  559  577  587  597  617  654  706  756
  788  790  771  747  730  721  710  690  653
    25.0-180.0 180.0   5.0 450.0                            LAT/LON1/LON2/DLON/H
  749  693  621  543  472  422  391  363  328  288  254  237  234  231  220  203
  189  187  200  223  242  242  221  191  176  194  240  294  333  354  364  369
  367  349  315  273  234  204  183  170  163  159  154  144  134  134  155  200
  262  328  387  433  469  498  525  550  572  589  604  623  656  710  779  847
  889  896  876  847  826  815  804  785  749
    22.5-180.0 180.0   5.0 450.0                            LAT/LON1/LON2/DLON/H
  842  790  719  635  556  496  456  420  376  327  286  264  257  251  236  213
  191  179  178  187  197  197  186  176  186  231  299  364  404  417  416  412
  400  375  335  290  251  222  202  187  178  170  162  150  140  142  168  220
  290  364  428  477  512  539  562  583  602  620  639  664  705  767  845  921
  971  982  963  934  912  900  890  873  842
    20.0-180.0 180.0   5.0 450.0                            LAT/LON1/LON2/DLON/H
  916  877  815  735  653  587  539  496  443  384  335  307  295  283  263  236
  209  186  171  165  166  171  177  192  230  296  375  438  466  462  445  428
  409  378  336  292  257  233  215  200  189  179  168  155  146  153  186  246
  324  404  473  524  561  588  609  628  647  668  692  721  764  824  898  971
 1021 1035 1019  993  972  960  951  938  916
    17.5-180.0 180.0   5.0 450.0                            LAT/LON1/LON2/DLON/H
  959  938  894  826  749  681  628  578  520  456  401  367  349  333  310  282
  253  223  196  176  173  185  210  248  306  381  456  503  507  480  445  417
  392  360  320  281  253  235  220  206  194  183  172  159  153  166  207  276
  360  444  515  568  606  633  656  678  701  727  757  789  828  877  936  995
 1037 1049 1037 1015  997  986  977  970  959
    15.0-180.0 180.0   5.0 450.0                            LAT/LON1/LON2/DLON/H
  968  968  947  897  829  762  707  656  597  533  478  443  422  403  379  354
  329  298  264  236  229  249  289  342  406  474  529  546  520  467  417  383
  358  329  294  263  243  230  219  206  194  183  172  161  160  180  231  307
  395  480  549  600  638  667  695  722  753  787  824  859  892  925  961  999
 1025 1032 1021 1004  988  977  968  965  968
    12.5-180.0 180.0   5.0 450.0                            LAT/LON1/LON2/DLON/H
  947  968  971  941  884  821  766  716  663  607  561  531  510  490  469  451
  435  409  374  343  336  361  407  460  512  556  577  559  502  430  372  339
  319  298  270  247  232  223  214  202  191  181  171  162  165  194  253  336
  427  508  571  616  651  682  715  752  792  837  882  920  947  963  976  989
  999  997  985  969  954  941  931  931  947
    10.0-180.0 180.0   5.0 450.0                            LAT/LON1/LON2/DLON/H
  909  947  971  959  912  853  800  754  711  670  640  621  605  587  570  562
  557  543  513  484  477  501  541  578  603  611  593  542  463  382  326  301
  292  280  260  242  230  221  211  199  188  179  168  161  168  206  274  363
  452  526  579  614  643  676  715  762  812  866  919  961  984  988  982  976
  970  960  944  927  911  894  882  884  909
     7.5-180.0 180.0   5.0 450.0                            LAT/LON1/LON2/DLON/H
  871  919  956  957  918  862  809  769  738  717  708  704  697  682  669  669
  677  675  655  631  624  641  664  673  660  629  578  504  416  338  295  285
  289  285  271  254  241  228  213  199  189  179  167  159  171  216  293  385
  471  535  574  597  618  651  697  752  810  870  927  973  996  995  980  962
  948  933  914  894  873  853  838  841  871
     5.0-180.0 180.0   5.0 450.0                            LAT/LON1/LON2/DLON/H
  847  897  939  945  911  855  803  767  749  748  759  773  774  760  748  752
  768  778  769  752  746  751  750  725  675  611  539  459  378  316  291  298
  313  316  304  285  266  245  224  206  194  182  168  159  174  225  309  404
  484  536  560  570  584  617  668  729  790  850  906  952  977  979  965  949
  936  922  902  878  853  830  814  816  847
     2.5-180.0 180.0   5.0 450.0                            LAT/LON1/LON2/DLON/H
  844  890  928  933  900  844  791  758  749  763  793  819  825  809  792  794
  812  829  829  820  812  805  780  724  647  566  492  424  363  325  320  340
  361  366  351  327  300  270  241  219  203  189  171  161  178  235  324  418
  493  533  543  542  551  584  639  701  760  811  859  901  929  938  935  931
  929  923  907  881  853  829  813  816  844
