COD0OPSFIN_20250010000_01D_01H_GIM.INX
     1.0            IONOSPHERE MAPS     GNSS                IONEX VERSION / TYPE
ADDNEQ2 V5.5        AIUB                05-JAN-25 21:03     PGM / RUN BY / DATE 
CODE'S GLOBAL IONOSPHERE MAPS FOR DAY 001, 2025             COMMENT             
Global ionosphere maps (GIM) are generated on a daily basis DESCRIPTION         
at CODE using data from about 300 GNSS sites of the IGS and DESCRIPTION         
other institutions. The vertical total electron content     DESCRIPTION         
(VTEC) is modeled in a solar-geomagnetic reference frame    DESCRIPTION         
using a spherical harmonics expansion up to degree and      DESCRIPTION         
order 15. Piece-wise linear functions are used for          DESCRIPTION         
representation in the time domain. The time spacing of      DESCRIPTION         
their vertices is 1 hour, conforming with the epochs of the DESCRIPTION         
VTEC maps.                                                  DESCRIPTION         
To convert line-of-sight TEC into vertical TEC, a modified  DESCRIPTION         
single-layer model mapping function approximating the JPL   DESCRIPTION         
extended slab model mapping function is adopted. The        DESCRIPTION         
mapping function is evaluated at geodetic satellite         DESCRIPTION         
elevation angles. For the computation of the ionospheric    DESCRIPTION         
pierce points, a spherical layer with a radius of 6821 km   DESCRIPTION         
is assumed, implying geocentric, not geodetic IONEX         DESCRIPTION         
latitudes.                                                  DESCRIPTION         
Instrumental biases with respect to each involved GNSS code DESCRIPTION         
observable are estimated as constant values for each        DESCRIPTION         
day. They are modeled with one set of bias parameters for   DESCRIPTION         
each satellite and each station in case of GPS and for each DESCRIPTION         
satellite-station link in case of GLONASS. The code bias    DESCRIPTION         
datum is defined by zero-mean conditions imposed on the     DESCRIPTION         
satellite bias estimates. In this file, just GPS C1W-C2W    DESCRIPTION         
satellite and station bias values are included. The         DESCRIPTION         
complete set of GNSS code bias results is provided in an    DESCRIPTION         
additional Bias-SINEX file as pseudo-absolute values        DESCRIPTION         
specific to each observable.                                DESCRIPTION         
Note: These GIM results correspond to the results for the   DESCRIPTION         
middle day of a 3-day combination analysis solving for 73   DESCRIPTION         
times 256, or 18688 VTEC parameters and 3 daily sets of     DESCRIPTION         
GNSS code bias parameters.                                  DESCRIPTION         
Contact address: code(at)aiub.unibe.ch                      DESCRIPTION         
Data archive:    ftp.aiub.unibe.ch/CODE/                    DESCRIPTION         
                 www.aiub.unibe.ch/download/CODE/           DESCRIPTION         
  2025     1     1     0     0     0                        EPOCH OF FIRST MAP  
  2025     1     2     0     0     0                        EPOCH OF LAST MAP   
  3600                                                      INTERVAL            
[...]
abpo adis albh algo alic amu2 antc areg areq ascg aspa auck COMMENT             
azgb badg bake bako barh bjfs bndy boav bogo bogt bor1 braz COMMENT             
brft brst brux cags cas1 ccj2 cedu chpg chti chur ckis coco COMMENT             
cord cpvg cpxf cro1 daej darw dgar dhlg drao dubo ebre faa1 COMMENT             
fair flin flrs frdn func ganp glps glsv gode gol2 gold gope COMMENT             
gras graz guam guat guug harb hers hert hlfx hnpt hob2 hofn COMMENT             
holb holm hrao hyde iddr ieng iisc impz ineg invk iqal jog2 COMMENT             
joz2 karr kerg kir0 kiri kiru kit3 kokb kokv kouc koug kour COMMENT             
krgg lama laut lmmf lpal lpgs m0se madr mal2 mana mas1 mat1 COMMENT             
mate mcm4 mdo1 medi mgue mizu mkea mnls mobs monp morp mqzg COMMENT             
mro1 mtka nano naur nico nist nium nklg nlib nnor not1 nrc1 COMMENT             
nrmd nya1 nyal onsa opmt ous2 pado parc pdel penc pert pie1 COMMENT             
pimo pohn pol2 polv pots pove ptag ptbb ptvl qaq1 quin rabt COMMENT             
ramo reun reyk rgdg rio2 roth salu samo sant savo sch2 scor COMMENT             
scrz sctb scub seyg sfer sofi spt0 ssia sthl stjo stk2 str2 COMMENT             
suth sutm suwn sydn tash thtg thti thu2 tidb tlse tn22 tro1 COMMENT             
tskb twtf txes uclu ufpr unb3 unbj unsa urum usn7 usud vald COMMENT             
vill vtsp wab1 wab2 whit will wind wsrt wtza wtzr wtzs wtzz COMMENT             
wuhn xmis yar2 yar3 yarr yell ykro zeck zim2 zim3 zimm      COMMENT             
                                                            END OF HEADER       
[from data line 9867]
    24                                                      START OF TEC MAP    
  2025     1     1    23     0     0                        EPOCH OF CURRENT MAP
    87.5-180.0 180.0   5.0 450.0                            LAT/LON1/LON2/DLON/H
   47   47   47   47   48   48   48   49   49   50   51   52   52   53   54   55
   56   57   58   59   60   61   61   62   63   63   64   64   65   65   65   66
   66   66   65   65   65   65   64   64   63   63   62   62   61   60   60   59
   58   57   56   56   55   54   54   53   52   52   51   50   50   50   49   49
   48   48   48   48   47   47   47   47   47
    85.0-180.0 180.0   5.0 450.0                            LAT/LON1/LON2/DLON/H
   43   42   42   42   42   42   43   44   44   45   47   48   50   51   53   55
   57   59   61   63   64   66   68   69   71   72   73   73   74   74   75   75
   74   74   74   73   73   72   71   70   70   69   67   66   65   64   62   61
   59   58   56   55   53   52   51   50   49   48   47   47   46   46   46   46
   45   45   45   45   44   44   44   43   43
    82.5-180.0 180.0   5.0 450.0                            LAT/LON1/LON2/DLON/H
   46   45   44   43   42   42   42   42   43   44   46   48   49   52   54   56
   59   61   64   66   69   71   74   76   78   79   81   81   82   82   82   81
   81   80   79   78   78   77   76   75   74   73   71   70   68   67   65   62
   60   58   55   53   51   49   47   46   45   44   44   44   45   45   46   47
   48   49   49   50   49   49   48   47   46
    80.0-180.0 180.0   5.0 450.0                            LAT/LON1/LON2/DLON/H
   59   56   54   51   49   48   47   47   48   49   51   53   54   56   58   59
   61   63   66   69   72   75   78   81   84   86   88   88   88   88   87   86
   84   83   82   81   80   79   79   78   77   76   75   74   72   70   67   65
   62   58   55   52   49   46   43   42   41   40   41   42   44   47   50   53
   56   59   61   63   64   64   63   61   59
    77.5-180.0 180.0   5.0 450.0                            LAT/LON1/LON2/DLON/H
   82   77   72   68   64   61   60   60   61   63   65   66   67   67   66   66
   65   65   67   69   72   76   81   85   89   92   93   94   94   92   91   88
   86   84   83   82   81   81   81   81   81   81   80   79   77   75   72   69
   65   61   56   52   48   44   41   38   37   37   38   41   45   49   55   61
   67   73   79   83   86   88   87   85   82
    75.0-180.0 180.0   5.0 450.0                            LAT/LON1/LON2/DLON/H
  111  104   97   90   84   80   79   80   82   85   87   88   87   84   80   75
   70   67   66   67   70   75   81   87   93   97   99   99   98   96   93   90
   87   85   84   83   83   84   84   85   86   86   85   85   83   81   78   75
   71   66   61   56   50   45   41   38   36   36   38   41   46   52   60   69
   78   88   98  106  112  116  117  115  111
    72.5-180.0 180.0   5.0 450.0                            LAT/LON1/LON2/DLON/H
  143  134  124  114  106  101  100  102  107  113  117  118  115  109   99   88
   78   70   65   65   68   74   82   89   96  101  103  104  102   99   95   92
   89   86   85   85   86   88   89   91   91   92   91   91   89   88   86   83
   79   75   69   63   57   51   46   43   40   40   40   43   48   55   63   74
   86  100  113  126  137  144  148  147  143
    70.0-180.0 180.0   5.0 450.0                            LAT/LON1/LON2/DLON/H
  172  163  151  137  126  120  119  124  132  142  149  152  148  138  123  105
   89   75   67   65   68   75   83   92   99  103  106  105  103  100   96   92
   89   88   87   88   90   93   95   97   97   97   96   95   95   94   93   92
   89   86   81   75   68   62   57   53   50   48   48   49   52   57   65   75
   88  104  121  138  153  166  174  176  172
    67.5-180.0 180.0   5.0 450.0                            LAT/LON1/LON2/DLON/H
  195  186  172  156  142  133  133  140  153  168  180  185  182  169  150  126
  104   86   74   71   73   80   88   96  101  104  104  103  100   98   95   92
   90   89   89   91   94   98  100  102  101  100   98   97   97   98   99  100
  100   97   93   88   81   76   71   67   64   62   60   59   59   61   66   74
   85  101  119  139  159  177  190  196  195
    65.0-180.0 180.0   5.0 450.0                            LAT/LON1/LON2/DLON/H
  210  203  189  170  153  141  139  148  165  185  203  212  211  198  176  149
  123  102   89   84   86   91   97  101  101  100   97   95   93   92   91   90
   89   89   90   93   96  100  103  104  103  100   97   95   96   98  102  105
  108  107  104   99   94   89   85   82   80   78   75   71   68   66   67   71
   79   92  110  131  154  176  195  207  210
    62.5-180.0 180.0   5.0 450.0                            LAT/LON1/LON2/DLON/H
  218  215  202  183  162  147  142  149  168  192  214  228  230  219  198  171
  145  123  110  105  105  108  109  106  100   92   85   81   80   82   85   87
   88   88   89   91   95  100  103  103  101   97   92   90   91   95  101  108
  112  113  111  106  102   98   96   95   94   92   89   83   78   73   70   71
   75   85   99  119  142  167  191  209  218
    60.0-180.0 180.0   5.0 450.0                            LAT/LON1/LON2/DLON/H
  222  226  217  198  175  155  145  148  165  189  213  231  237  230  213  189
  166  146  134  129  129  128  123  112   96   80   68   63   65   72   79   84
   86   86   85   86   90   95   98   99   96   91   86   83   84   89   98  107
  113  115  112  107  103  100  100  102  103  102   98   92   85   79   76   75
   77   83   94  110  131  156  183  207  222
    57.5-180.0 180.0   5.0 450.0                            LAT/LON1/LON2/DLON/H
  229  241  238  222  197  173  155  152  161  181  203  221  230  229  218  201
  182  167  157  153  151  147  137  118   93   69   52   46   51   63   75   83
   84   82   79   79   82   87   91   92   90   84   79   75   77   84   94  104
  110  111  108  102   97   95   97  101  104  103   99   93   88   84   84   85
   89   94  101  112  128  151  179  207  229
    55.0-180.0 180.0   5.0 450.0                            LAT/LON1/LON2/DLON/H
  244  264  269  258  235  206  181  166  165  175  190  204  214  217  213  203
  192  180  173  169  168  164  151  127   95   63   41   35   43   59   75   84
   84   79   72   70   72   77   82   85   83   78   73   70   72   79   89   99
  105  105   99   92   86   85   89   94   97   96   92   87   84   86   93  101
  110  117  123  130  142  161  187  216  244
    52.5-180.0 180.0   5.0 450.0                            LAT/LON1/LON2/DLON/H
  272  298  312  309  289  258  225  198  183  178  181  187  194  199  202  199
  193  184  178  176  177  176  166  141  105   68   42   34   44   63   80   88
   86   76   66   61   62   67   73   77   77   74   71   69   71   77   87   96
  100   98   90   80   74   73   78   83   85   82   77   73   75   85  101  121
  139  152  160  166  175  190  212  241  272
    50.0-180.0 180.0   5.0 450.0                            LAT/LON1/LON2/DLON/H
  314  344  366  371  357  326  287  249  218  197  184  178  179  184  190  192
  189  181  174  173  179  186  183  163  128   88   58   48   57   75   91   96
   89   76   63   56   56   61   67   71   73   73   72   71   74   79   88   95
   98   93   83   72   65   64   68   72   72   67   60   57   64   82  110  141
  169  192  207  217  226  238  257  283  314
    47.5-180.0 180.0   5.0 450.0                            LAT/LON1/LON2/DLON/H
  369  399  426  439  432  405  363  316  272  234  204  185  176  178  185  189
  186  175  165  165  178  197  207  197  165  123   90   75   81   96  108  107
   96   79   64   57   56   60   64   68   71   73   75   77   80   85   91   97
   98   92   81   69   62   61   65   67   64   55   46   45   57   83  119  159
  198  230  255  274  290  304  320  341  369
    45.0-180.0 180.0   5.0 450.0                            LAT/LON1/LON2/DLON/H
  432  458  486  506  507  485  445  393  339  289  245  212  193  189  194  197
  190  174  160  161  181  214  239  240  213  172  134  116  116  125  130  123
  106   86   72   64   63   64   65   67   71   75   81   85   89   93   97  101
  102   96   85   73   66   66   69   69   63   52   44   45   60   91  131  175
  219  260  297  330  357  379  395  411  432
    42.5-180.0 180.0   5.0 450.0                            LAT/LON1/LON2/DLON/H
  497  515  540  564  572  558  522  472  415  357  303  259  231  221  222  222
  210  187  168  168  195  240  278  290  268  227  187  164  160  162  159  144
  122  101   86   80   77   74   71   70   73   79   87   94   99  102  105  108
  108  103   93   82   77   77   80   79   72   61   55   61   80  111  149  190
  233  278  327  376  420  454  475  486  497
    40.0-180.0 180.0   5.0 450.0                            LAT/LON1/LON2/DLON/H
  559  566  585  609  623  618  589  545  491  433  375  325  290  274  270  265
  248  219  194  193  224  276  322  340  321  281  242  219  211  208  196  173
  146  123  109  102   97   90   83   78   79   85   95  103  107  110  112  115
  116  112  103   95   91   93   97   97   90   83   83   95  118  146  176  207
  242  286  342  408  473  523  552  559  559
    37.5-180.0 180.0   5.0 450.0                            LAT/LON1/LON2/DLON/H
  615  609  619  640  659  661  642  607  561  509  454  404  365  344  335  325
  303  270  241  238  268  319  366  383  366  329  294  276  270  263  244  214
  181  156  141  132  124  112  100   92   90   95  104  111  115  117  118  121
  123  120  113  107  106  111  117  118  115  114  123  144  171  196  214  229
  250  288  348  427  511  580  618  625  615
    35.0-180.0 180.0   5.0 450.0                            LAT/LON1/LON2/DLON/H
  662  644  645  663  684  692  682  658  623  582  535  487  448  423  409  395
  371  336  305  298  322  365  403  415  397  366  343  336  338  330  306  268
  228  198  180  167  155  140  125  114  109  111  116  120  122  122  124  127
  129  127  121  117  119  128  138  142  143  150  170  202  234  254  259  258
  264  293  352  440  538  623  672  680  662
    32.5-180.0 180.0   5.0 450.0                            LAT/LON1/LON2/DLON/H
  702  676  668  682  703  716  714  700  678  649  612  570  532  504  485  467
  441  406  376  364  378  406  429  432  415  396  391  401  413  408  379  333
  286  250  224  206  189  173  157  145  137  133  131  129  128  127  128  131
  133  131  126  124  130  144  158  166  171  186  218  261  298  314  309  295
  289  308  363  452  559  655  713  724  702
    30.0-180.0 180.0   5.0 450.0                            LAT/LON1/LON2/DLON/H
  737  708  696  706  727  742  746  740  729  711  683  648  612  581  556  533
  505  472  443  427  427  437  444  438  426  423  440  471  496  494  460  406
  351  306  272  246  226  209  196  185  173  161  149  140  135  133  133  136
  138  135  131  131  141  160  178  188  197  218  259  310  353  369  359  339
  328  342  390  473  578  679  744  759  737
    27.5-180.0 180.0   5.0 450.0                            LAT/LON1/LON2/DLON/H
  772  744  732  741  759  775  782  783  779  769  749  719  685  650  617  587
  556  525  498  477  464  457  449  439  437  455  496  546  581  580  541  479
  416  361  319  286  262  247  239  229  214  192  170  152  142  139  139  142
  143  140  136  138  153  177  198  210  218  241  287  345  392  411  404  388
  381  395  435  507  603  700  769  790  772
    25.0-180.0 180.0   5.0 450.0                            LAT/LON1/LON2/DLON/H
  809  789  780  788  804  817  825  830  832  827  811  785  750  711  669  629
  594  563  536  511  488  467  452  446  459  498  559  621  660  655  611  543
  473  411  361  322  297  285  281  274  254  223  190  165  151  146  147  149
  150  147  143  148  167  195  218  228  233  254  300  362  413  438  441  439
  445  464  499  556  636  723  791  818  809
    22.5-180.0 180.0   5.0 450.0                            LAT/LON1/LON2/DLON/H
  849  840  837  845  858  867  874  881  886  883  870  846  811  766  715  665
  622  589  561  531  501  475  461  467  498  555  626  690  723  711  660  589
  516  451  396  353  327  318  318  311  288  249  208  177  161  155  155  157
  158  156  154  161  182  212  235  241  240  255  299  361  417  450  468  487
  513  543  574  615  675  749  813  847  849
    20.0-180.0 180.0   5.0 450.0                            LAT/LON1/LON2/DLON/H
  890  894  899  908  915  919  923  932  939  938  926  903  869  820  760  699
  648  611  580  547  513  488  484  506  554  620  690  743  762  740  685  614
  542  478  422  378  352  344  344  336  309  265  220  187  170  164  164  165
  167  166  167  174  196  224  245  246  238  246  285  347  407  452  488  530
  580  622  651  677  717  776  836  875  890
    17.5-180.0 180.0   5.0 450.0                            LAT/LON1/LON2/DLON/H
  927  944  958  966  967  964  966  975  985  986  976  955  923  874  809  740
  682  639  604  567  533  514  524  564  623  688  742  773  773  740  684  618
  553  493  440  397  370  360  357  345  314  269  225  194  178  173  171  172
  174  176  177  185  203  228  244  239  225  226  262  325  391  448  503  567
  636  691  718  732  755  801  855  900  927
    15.0-180.0 180.0   5.0 450.0                            LAT/LON1/LON2/DLON/H
  953  983 1005 1014 1007  996  995 1007 1020 1024 1017 1001  973  927  862  790
  729  682  642  602  567  556  580  632  694  745  774  777  756  717  665  609
  554  500  451  409  381  365  354  336  304  262  224  198  186  179  176  175
  177  181  183  188  201  219  229  219  201  199  235  301  375  444  514  595
  678  740  766  771  783  817  867  915  953
    12.5-180.0 180.0   5.0 450.0                            LAT/LON1/LON2/DLON/H
  962 1003 1034 1043 1031 1013 1010 1023 1041 1049 1046 1036 1016  977  917  849
  789  742  699  654  619  612  644  700  755  784  783  758  722  683  642  599
  553  505  459  417  384  359  338  313  281  246  218  200  191  184  177  173
  176  180  182  182  188  198  201  188  169  169  208  280  364  443  524  613
  701  763  787  787  793  821  867  916  962
    10.0-180.0 180.0   5.0 450.0                            LAT/LON1/LON2/DLON/H
  948  999 1038 1051 1038 1017 1012 1027 1048 1061 1062 1058 1046 1017  967  909
  857  815  771  723  684  676  707  758  796  800  770  725  684  652  626  596
  558  512  465  421  382  347  313  281  252  227  211  201  195  186  175  168
  169  173  173  168  165  166  164  151  136  141  186  266  358  446  530  619
  702  759  780  779  784  808  849  897  948
     7.5-180.0 180.0   5.0 450.0                            LAT/LON1/LON2/DLON/H
  908  967 1017 1039 1030 1011 1007 1024 1047 1061 1066 1068 1063 1043 1005  961
  924  891  851  799  754  739  761  797  814  794  744  691  655  639  629  609
  572  522  471  422  376  330  286  250  225  211  205  203  197  185  170  161
  160  162  160  149  138  131  126  116  108  122  174  260  358  448  531  610
  681  728  746  747  754  777  812  855  908
     5.0-180.0 180.0   5.0 450.0                            LAT/LON1/LON2/DLON/H
  843  909  972 1008 1012 1002 1003 1021 1044 1057 1062 1066 1065 1052 1026  998
  978  959  924  871  819  793  798  814  811  774  718  669  648  649  653  636
  593  534  474  419  366  312  263  225  206  201  204  204  197  183  165  153
  150  150  145  131  115  104   98   94   95  118  176  264  362  449  522  586
  640  676  691  696  707  728  756  792  843
     2.5-180.0 180.0   5.0 450.0                            LAT/LON1/LON2/DLON/H
  758  830  908  964  987  994 1005 1025 1044 1054 1056 1057 1056 1046 1028 1014
 1011 1006  980  929  871  832  819  814  795  752  701  667  664  680  689  668
  614  542  471  410  353  297  247  212  199  201  207  206  196  180  162  148
  143  142  136  121  103   91   89   92  103  133  193  278  367  443  501  547
  583  608  622  632  647  666  685  711  758
